$ANSIBLE_VAULT;1.1;AES256
65393361353131316561346435353264646464323964306134343939333230393034316138356530
3032666434633232326533616534616532623430343931370a326338303130656533633133633764
39643563656134366365313530343465616336343335653136616433303336653739653832613035
6433643335393530350a646263313038396664343663313764306339313437313433626562643436
66373063623531373634363734333866663036616162346136666563383733353264333761366330
38363138363038626561376363303130386566336139343962643466373436623764626433353164
31346364343736656535663866616633393765386531333138626531636538636465333633373734
33393466656164626161383136303333396537653935363438623635353136333461656638353033
61336233666561623437373264323662636338616463366661636631656265396235363164363363
34316534326634373632303665373932663862376261323961346330653838383732363031663264
63663765383834333463616166396635633138626532393666663363366664383461623732323862
35636431343666363465363864373261626639313737663339306338663934373936616239623935
66653233353464303933653466653137396631616232653966646331386135663036343739343233
63356365393834366564643837393034643163363935343466346532353261383031386435663033
66333163613930616434353366326530393962653265333134353365316231386462626265653939
61643437643866383938346533373361336162386430333732353064343034623961353834613038
35383761626532336639666532653961313663643235383832346339653933343139356566316665
36663333343735386539363565316536343162326135656137633962646536653731386365613764
38333538333431326564323438356266343539373936653039656333393130323765623362343061
37636161633662323530323837666466313065303633643332383564343033643531316231346363
63373236376637336439343762333465353630326461636334613534393937653331346137336563
65333565353930393238353135393133313766376437613035323637623139353036663864656534
34343662343335646662643237363162663634343430343362323664343465376665323630616538
64663334383833356161
